N    : 256
total: 0.049846 s (0.673163 GFlops)
error: 0.000012
