N    : 256
total: 0.005150 s (6.515043 GFlops)
error: 0.000016
