N    : 256
total: 0.049890 s (0.672569 GFlops)
error: 0.000016
