N    : 256
total: 0.004725 s (7.101539 GFlops)
error: 0.000012
